99857
-57459
67607
-78193
-39286
5601
-87859
-21481
10791
-96685
19012
-20723
49685
-31608
-78669
-60436
-29117
18776
-42978
-38288
-11761
-85492
-58448
68405
93041
93366
-41091
91500
80233
89691
37773
-17130
68064
-80222
-47661
12240
91024
86411
-81127
-36200
30297
7090
-21221
-55139
60510
-66926
-56348
-98062
34956
-49789
-48955
-71907
19385
-86476
22312
84424
23142
-19219
-16835
7077
34136
20419
-57116
-59073
7923
15753
-92328
-11418
23188
99575
-91463
54316
-63481
-16761
75046
-27125
41161
45897
44620
-91056
37566
5113
-23058
-39639
-23114
-48704
65019
48948
-57654
-48957
-49021
61897
82435
-15216
-40313
28630
11098
-39461
71386
81897
40892
31433
93214
786
-57714
-44619
-73482
15572
-94935
64524
23745
56763
10383
-6468
27893
18841
-11672
